     0.548      0.951      0.921      0.493     0.0276     0.0107   0.000817    0.00747       0.26       0.95    0.00046       3.37       0.95        0.1     0.0488      0.474       1.05       1.03       1.17        0.2       3.37          0     0.0135      0.774        0.4          0        0.1       0.45          0          0          0        0.5      0.999          0
     0.545      0.957       0.93      0.481     0.0278     0.0107   0.000819    0.00747       0.26       0.95    0.00046       3.37       0.95        0.1     0.0488      0.474       1.05       1.03       1.17        0.2       3.37          0     0.0135      0.776        0.4          0        0.1       0.45          0          0          0        0.5          1          0
     0.574      0.948      0.916      0.472     0.0255     0.0143   0.000932    0.00946      0.202      0.953    0.00056        2.6      0.871      0.082     0.0393      0.397      0.993       1.27       1.08        0.2       4.93          0     0.0137      0.787       0.45          0     0.0941      0.633          0          0          0        0.5          1          0
     0.502      0.944      0.896      0.463     0.0246     0.0135    0.00102    0.00946      0.193      0.953    0.00056       2.73      0.808     0.0852     0.0393      0.394      0.993       1.18       1.05        0.2        4.7          0     0.0141      0.787      0.422          0      0.101      0.596          0          0          0        0.5          1          0
      0.45      0.933      0.863      0.451     0.0264     0.0166     0.0012    0.00946      0.189      0.953    0.00055       2.71      0.778     0.0852     0.0393        0.4          1       1.18       1.05        0.2       4.53          0     0.0143      0.787      0.415          0     0.0985      0.581          0          0          0        0.5          1          0
     0.491       0.94        0.9      0.443      0.028     0.0138    0.00118     0.0103        0.2      0.972    0.00056       2.61        0.8        0.1     0.0443      0.404          1          1        1.1        0.2       4.18          0     0.0154      0.728        0.4          0      0.109      0.552          0          0          0        0.5          1          0
     0.491      0.937      0.874      0.428     0.0309     0.0134    0.00136       0.01        0.2      0.937     0.0005          3        0.8        0.1       0.05        0.5          1          1          1        0.2          4          0      0.015        0.7        0.4          0        0.1        0.5          0          0          0        0.5          1          0
     0.462      0.938      0.868      0.427     0.0293     0.0134    0.00123     0.0104      0.206      0.949    0.00056       2.61      0.813      0.127     0.0443      0.498       1.25      0.936        1.1        0.2       4.18          0     0.0173      0.724        0.4          0      0.119       0.66          0          0          0        0.5          1          0
     0.471      0.944      0.901      0.412     0.0281     0.0141    0.00121     0.0103        0.2      0.972    0.00056       2.61      0.798        0.1     0.0444      0.404      0.999          1        1.1        0.2       4.18          0     0.0153      0.727      0.399          0      0.109      0.551          0          0          0        0.5          1          0
      0.64      0.927      0.897       0.41     0.0256     0.0103   0.000959    0.00877      0.281       0.94    0.00051       2.83       0.89     0.0986      0.042      0.474       1.05       1.03      0.839        0.2       3.73          0     0.0135      0.823      0.455          0     0.0918       0.45          0          0          0        0.5      0.994          0
     0.382      0.939      0.842      0.414     0.0278     0.0169    0.00118    0.00955      0.191      0.957    0.00056       2.67      0.771     0.0855     0.0398      0.399          1       1.18       1.08        0.2       4.44          0     0.0146      0.787      0.421          0     0.0983       0.59          0          0          0        0.5          1          0
     0.456      0.889        0.8      0.405     0.0346     0.0141     0.0014    0.00804      0.189      0.919    0.00058       3.05      0.774       0.08      0.053      0.383       1.09      0.926       1.33        0.2        3.5          0     0.0179      0.821      0.442          0      0.125      0.432          0          0          0        0.5       0.88          0
     0.448      0.941      0.867       0.38     0.0262     0.0137    0.00102    0.00953       0.19      0.957    0.00056       2.73      0.808     0.0852     0.0387      0.397      0.993        1.2       1.05        0.2       4.78          0     0.0141      0.793      0.422          0      0.102      0.606          0          0          0        0.5          1          0
     0.441      0.915      0.818      0.379     0.0257     0.0106    0.00106     0.0107      0.185      0.918    0.00055       2.53        0.8        0.1     0.0374      0.375      0.925      0.776      0.982        0.2          4          0     0.0168      0.728       0.36          0      0.104      0.487          0          0          0        0.5          1          0
     0.544      0.943      0.864      0.372     0.0272     0.0132    0.00101    0.00946      0.193      0.952    0.00056       2.73      0.812     0.0853     0.0391      0.394      0.999       1.18       1.05        0.2       4.73          0     0.0142      0.793      0.423          0      0.101      0.596          0          0          0        0.5      0.996          0
     0.309       0.94      0.849      0.364     0.0297     0.0194     0.0013    0.00784      0.259      0.858    0.00042       2.66      0.815      0.118     0.0393      0.375       1.08       1.21       1.35        0.2        4.4          0     0.0147      0.787      0.369          0     0.0992      0.596          0          0          0        0.5          1          0
     0.492      0.849      0.783       0.36     0.0392      0.014    0.00142    0.00989      0.189      0.937    0.00058          3      0.774     0.0865      0.053        0.5       1.01          1       1.19        0.2       3.59          0     0.0169      0.791        0.4          0        0.1      0.503          0          0          0        0.5      0.843          0
     0.693      0.648      0.787      0.358     0.0288     0.0113    0.00106    0.00938      0.139      0.937    0.00051       3.88      0.771     0.0984     0.0436      0.506      0.818      0.914      0.858        0.2       3.56          0      0.015      0.721        0.4          0        0.1      0.542          0          0          0        0.5      0.912          0
     0.437      0.912      0.816      0.352     0.0291     0.0138    0.00131     0.0124       0.17      0.884    0.00047       2.47       0.76      0.109     0.0443      0.285       1.08      0.955       1.09        0.2       3.96          0     0.0142      0.804      0.453          0      0.117      0.478          0          0          0        0.5       0.97          0
     0.425      0.869      0.767      0.356     0.0319     0.0147    0.00135    0.00988      0.167      0.935     0.0005          3      0.733     0.0871     0.0468      0.474      0.896       1.01       1.04        0.2          4          0     0.0146      0.693      0.392          0      0.113        0.5          0          0          0        0.5          1          0
     0.663      0.476      0.796       0.35     0.0328     0.0125    0.00144    0.00829      0.159      0.902    0.00053       3.91        0.8     0.0941       0.05        0.5       1.08      0.833       0.86        0.2       4.23          0      0.015      0.855      0.514          0     0.0795        0.5          0          0          0        0.5      0.874          0
     0.546      0.891      0.797      0.342     0.0361      0.013    0.00136    0.00989      0.184      0.937    0.00059       2.94      0.756     0.0828      0.053      0.519       1.05       1.01       1.11        0.2       3.43          0     0.0152       0.77        0.4          0      0.102      0.467          0          0          0        0.5      0.843          0
     0.467      0.879      0.773      0.318     0.0388     0.0148    0.00164    0.00845      0.197      0.925    0.00054       3.09      0.746     0.0861     0.0564      0.397       1.09       1.01       1.32        0.2        3.5          0     0.0187      0.845      0.473          0      0.131      0.423          0          0          0        0.5       0.88          0
     0.683      0.413      0.648      0.241     0.0452     0.0108    0.00186    0.00804      0.231      0.894    0.00059       2.41      0.774     0.0628     0.0637      0.411       1.21      0.692       1.12        0.2        3.5          0     0.0212      0.777      0.332          0      0.113      0.391          0          0          0        0.5      0.922          0
